"homedata" <-
structure(list(y1970 = c(76400, 60000, 80000, 65800, 77600, 86500, 
75500, 61800, 49300, 56300, 65000, 79600, 71100, 55100, 75400, 
49100, 52100, 59800, 69300, 47500, 70200, 53000, 58800, 66700, 
50700, 53600, 76400, 50600, 83500, 59600, 62300, 139400, 117300, 
73600, 88600, 58600, 71800, 46100, 64700, 95000, 84000, 52000, 
24700, 67400, 73000, 76900, 76500, 118700, 54900, 118900, 30400, 
55700, 93100, 114600, 70000, 42400, 82300, 89700, 89700, 65900, 
104000, 82700, 73500, 24600, 61400, 93900, 59900, 67000, 75100, 
45500, 75900, 49100, 61200, 125100, 86200, 60000, 44100, 55100, 
56700, 50600, 64500, 139100, 20300, 112000, 52700, 66700, 70200, 
30400, 105900, 60600, 116600, 66100, 90700, 99700, 66500, 76800, 
83500, 61900, 70000, 25200, 66100, 53000, 51300, 77800, 91000, 
78400, 90100, 97800, 57900, 67100, 97000, 52700, 102700, 85600, 
81000, 76000, 61200, 51500, 91100, 66000, 106600, 71600, 63600, 
55600, 70200, 97600, 47000, 70200, 106700, 73600, 88400, 67700, 
24600, 67400, 87700, 89800, 77600, 36800, 74000, 58300, 84800, 
72400, 59400, 46300, 69500, 121700, 51200, 65800, 65200, 59400
), y2000 = c(309900, 194500, 345700, 292400, 215100, 427600, 
307000, 242100, 132400, 240600, 387900, 360500, 276800, 184900, 
341200, 186800, 148400, 141900, 294100, 140600, 292300, 142700, 
252700, 193800, 139200, 140100, 316600, 142200, 227500, 246600, 
217400, 622400, 575000, 336100, 335700, 170500, 308000, 159900, 
194200, 449700, 339500, 132600, 55800, 275700, 245800, 386200, 
351900, 531200, 162200, 570000, 75900, 189000, 511100, 516600, 
348900, 159300, 310200, 210400, 285600, 266300, 460500, 332200, 
259600, 51600, 168900, 288400, 260600, 215000, 190800, 125100, 
317700, 135600, 171200, 427400, 361100, 161100, 133200, 130200, 
148500, 155500, 247700, 745400, 54200, 430600, 159100, 143100, 
383100, 75900, 513400, 270700, 499400, 259200, 397600, 305100, 
277400, 307200, 389800, 191200, 297100, 56500, 229900, 126900, 
163400, 216200, 481600, 345900, 456900, 454200, 167300, 178700, 
396600, 151100, 298700, 394900, 332100, 316400, 168600, 152200, 
370000, 300900, 491500, 303800, 225900, 164300, 308400, 413200, 
131400, 283000, 417200, 240400, 480400, 221100, 55800, 279200, 
316900, 455300, 327800, 114000, 315200, 154700, 342900, 256400, 
202200, 142500, 265100, 705900, 221700, 160600, 156100, 163100
)), .Names = c("y1970", "y2000"), row.names = c("4761", "1098", 
"4331", "1750", "6151", "3788", "1876", "4926", "6311", "4411", 
"3537", "4099", "4957", "3483", "1539", "2722", "6030", "6680", 
"2055", "2109", "4600", "6299", "1085", "5927", "6197", "6416", 
"4627", "6093", "6230", "4637", "5277", "98", "3802", "1699", 
"5053", "720", "1263", "2005", "5773", "3090", "120", "3247", 
"2566", "4706", "5366", "1314", "1069", "2567", "821", "1979", 
"386", "5345", "3591", "4120", "3767", "2353", "3508", "6702", 
"5544", "3489", "2921", "4820", "5247", "6808", "1326", "5683", 
"2361", "543", "6518", "6190", "4560", "50", "1052", "1336", 
"4556", "3317", "2351", "6688", "2950", "1433", "5008", "3626", 
"6337", "3398", "1657", "3382", "3598", "6577", "3213", "929", 
"4397", "602", "4262", "5701", "4591", "1644", "3971", "1034", 
"4454", "268", "5282", "6662", "5543", "1373", "387", "4221", 
"3731", "695", "207", "6347", "3013", "5997", "537", "4017", 
"1947", "651", "6181", "5848", "4754", "4069", "3043", "4457", 
"2636", "85", "4247", "3068", "6111", "2576", "4933", "5459", 
"1280", "2586", "6743", "4628", "5185", "3732", "4495", "5641", 
"650", "6359", "4779", "2703", "5336", "5676", "5031", "3024", 
"1114", "6624", "6663", "6195"), class = "data.frame")
