"HUMMER" <-
structure(as.integer(c(2493, 2654, 2987, 2837, 3157, 2837, 3157, 
1927, 2141, 2334, 2268, 1982, 2175, 2505, 2404, 2548, 2554, 2693, 
3814, 1864, 1866, 2220, 1700, 2964, 6754, 7476, 6367, 5806, 5640, 
5991, 8079)), index = structure(c(12204, 12234, 12265, 12296, 
12326, 12357, 12387, 12418, 12449, 12478, 12509, 12539, 12570, 
12600, 12631, 12662, 12692, 12723, 12753, 12784, 12815, 12843, 
12874, 12904, 12935, 12965, 12996, 13027, 13057, 13088, 13118
), class = "Date"), class = "ts", .Tsp = c(2003.41666666667, 
2005.91666666667, 12))
